ACURA: 12.725
AUDI: 14.178947368421051
BMW: 14.518181818181818
BUICK: 14.166666666666666
CADILLAC: 16.925
CHEVROLET: 15.23076923076923
CHRYSLER: 13.353333333333332
DAEWOO: 12.0
DODGE: 18.811111111111114
FERRARI: 27.475
FORD: 16.24
GMC: 17.64516129032258
HONDA: 10.978571428571428
HYUNDAI: 11.7375
INFINITI: 14.233333333333333
ISUZU: 15.425
JAGUAR: 15.711111111111112
JEEP: 16.2
KIA: 12.275
LAND ROVER: 20.85
LEXUS: 15.066666666666668
LINCOLN: 15.459999999999999
MAZDA: 13.761538461538462
MERCEDES-BENZ: 14.31875
NISSAN: 14.793333333333333
OLDSMOBILE: 13.7
PLYMOUTH: 15.4
PONTIAC: 12.366666666666667
PORSCHE: 15.4
SAAB: 13.6375
SATURN: 10.78
SUBARU: 12.129999999999999
SUZUKI: 11.072727272727272
TOYOTA: 13.034374999999999
VOLKSWAGEN: 11.751515151515152
VOLVO: 13.73125
