D: 7.3999999999999995
E: 20.6
N: 20.8
X: 14.570637119113574
Z: 14.862043795620437
