A3: 12.514285714285714
A4: 15.290513833992096
A5: 15.178571428571429
AS4: 14.37
AS5: 15.0
M5: 13.11761006289308
M6: 16.94736842105263
